data:984.50,985.32,242.15,235.17
data:984.48,985.32,242.33,235.17
data:984.51,985.34,242.07,235.00
data:984.50,985.34,242.15,235.00
data:984.51,985.34,242.07,235.00
data:984.51,985.29,242.07,235.42
data:984.52,985.29,241.98,235.42
data:984.52,985.40,241.98,234.49
data:984.52,985.45,241.98,234.06
data:984.50,985.45,242.15,234.06
data:984.51,985.29,242.07,235.42
data:984.50,985.29,242.15,235.42
data:984.52,985.24,241.98,235.85
data:984.50,985.42,242.15,234.32
data:984.49,985.42,242.24,234.32
data:984.51,985.26,242.07,235.68
data:984.49,985.26,242.24,235.68
data:984.49,985.34,242.24,235.00
data:984.50,985.26,242.15,235.68
data:984.52,985.26,241.98,235.68
data:984.49,985.37,242.24,234.74
data:984.53,985.37,241.90,234.74
data:984.50,985.34,242.15,235.00
data:984.50,985.40,242.15,234.49
data:984.49,985.40,242.24,234.49
data:984.49,985.32,242.24,235.17
data:984.51,985.32,242.07,235.17
data:984.49,985.32,242.24,235.17
data:984.51,985.34,242.07,235.00
data:984.50,985.34,242.15,235.00
data:984.51,985.34,242.07,235.00
data:984.50,985.34,242.15,235.00
data:984.52,985.31,241.98,235.25
data:984.53,985.34,241.90,235.00
data:984.50,985.34,242.15,235.00
data:984.51,985.34,242.07,235.00
data:984.50,985.34,242.15,235.00
data:984.52,985.34,241.98,235.00
data:984.50,985.39,242.15,234.57
data:984.51,985.39,242.07,234.57
data:984.49,985.33,242.24,235.08
data:984.51,985.33,242.07,235.08
data:984.51,985.39,242.07,234.57
data:984.50,985.33,242.15,235.08
data:984.49,985.33,242.24,235.08
data:984.50,985.31,242.15,235.25
data:984.51,985.31,242.07,235.25
data:984.49,985.41,242.24,234.40
data:984.50,985.36,242.15,234.83
data:984.52,985.36,241.98,234.83
data:984.50,985.39,242.15,234.57
data:984.54,985.39,241.81,234.57
data:984.53,985.33,241.90,235.08
data:984.50,985.28,242.15,235.51
data:984.51,985.28,242.07,235.51
data:984.53,985.52,241.90,233.47
data:984.51,985.52,242.07,233.47
data:984.49,985.36,242.24,234.83
data:984.51,985.39,242.07,234.57
data:984.50,985.39,242.15,234.57
data:984.49,985.31,242.24,235.25
data:984.50,985.31,242.15,235.25
data:984.49,985.39,242.24,234.57
data:984.51,985.44,242.07,234.15
data:984.50,985.44,242.15,234.15
data:984.48,985.39,242.33,234.57
data:984.52,985.39,241.98,234.57
data:984.53,985.39,241.90,234.57
data:984.51,985.33,242.07,235.08
data:984.50,985.33,242.15,235.08
data:984.53,985.36,241.90,234.83
data:984.52,985.36,241.98,234.83
data:984.52,985.39,241.98,234.57
data:984.52,985.41,241.98,234.40
data:984.51,985.41,242.07,234.40
data:984.52,985.41,241.98,234.40
data:984.52,985.41,241.98,234.40
data:984.54,985.39,241.81,234.57
data:984.52,985.39,241.98,234.57
data:984.51,985.39,242.07,234.57
data:984.51,985.34,242.07,235.00
data:984.52,985.34,241.98,235.00
data:984.51,985.36,242.07,234.83
data:984.53,985.39,241.90,234.57
data:984.52,985.39,241.98,234.57
data:984.53,985.42,241.90,234.32
data:984.49,985.42,242.24,234.32
data:984.52,985.39,241.98,234.57
data:984.52,985.44,241.98,234.15
data:984.52,985.44,241.98,234.15
data:984.52,985.36,241.98,234.83
data:984.52,985.36,241.98,234.83
data:984.53,985.34,241.90,235.00
data:984.52,985.36,241.98,234.83
data:984.53,985.36,241.90,234.83
data:984.53,985.39,241.90,234.57
data:984.53,985.39,241.90,234.57
data:984.52,985.44,241.98,234.15
data:984.54,985.44,241.81,234.15
data:984.51,985.44,242.07,234.15
data:984.55,985.39,241.73,234.57
data:984.50,985.39,242.15,234.57
data:984.54,985.36,241.81,234.83
data:984.51,985.44,242.07,234.15
data:984.53,985.44,241.90,234.15
data:984.52,985.44,241.98,234.15
data:984.53,985.44,241.90,234.15
data:984.51,985.39,242.07,234.57
data:984.55,985.39,241.73,234.57
data:984.54,985.39,241.81,234.57
data:984.52,985.41,241.98,234.40
data:984.54,985.41,241.81,234.40
data:984.52,985.36,241.98,234.83
data:984.51,985.36,242.07,234.83
data:984.51,985.36,242.07,234.83
data:984.51,985.36,242.07,234.83
data:984.47,985.36,242.41,234.83
data:984.46,985.28,242.49,235.51
data:984.46,985.28,242.49,235.51
data:984.42,985.28,242.84,235.51
data:984.40,985.31,243.01,235.25
data:984.40,985.31,243.01,235.25
data:984.39,985.26,243.09,235.68
data:984.39,985.28,243.09,235.51
data:984.38,985.28,243.18,235.51
data:984.38,985.26,243.18,235.68
data:984.37,985.26,243.26,235.68
data:984.37,985.23,243.26,235.94
data:984.38,985.28,243.18,235.51
data:984.38,985.28,243.18,235.51
data:984.37,985.26,243.26,235.68
data:984.35,985.26,243.43,235.68
data:984.32,985.26,243.69,235.68
data:984.29,985.23,243.95,235.94
data:984.26,985.23,244.20,235.94
data:984.28,985.18,244.03,236.36
data:984.25,985.18,244.29,236.36
data:984.24,985.18,244.37,236.36
data:984.23,985.13,244.46,236.79
data:984.25,985.13,244.29,236.79
data:984.25,985.13,244.29,236.79
data:984.22,985.13,244.54,236.79
data:984.23,985.05,244.46,237.47
data:984.23,985.05,244.46,237.47
data:984.21,985.05,244.63,237.47
data:984.20,985.07,244.71,237.30
data:984.16,985.07,245.05,237.30
data:984.15,985.10,245.14,237.04
data:984.14,984.97,245.22,238.15
data:984.15,984.97,245.14,238.15
data:984.10,985.05,245.57,237.47
data:984.08,985.05,245.73,237.47
data:984.08,984.94,245.73,238.40
data:984.08,984.92,245.73,238.58
data:984.09,984.92,245.65,238.58
data:984.10,984.94,245.57,238.40
data:984.07,984.94,245.82,238.40
data:984.05,984.94,245.99,238.40
data:984.04,984.92,246.07,238.58
data:984.03,984.92,246.16,238.58
data:983.99,984.87,246.50,239.00
data:984.00,984.87,246.42,239.00
data:983.97,984.76,246.67,239.94
data:983.97,984.79,246.67,239.68
data:983.95,984.79,246.84,239.68
data:983.94,984.76,246.93,239.94
data:983.93,984.76,247.01,239.94
data:983.92,984.81,247.10,239.51
data:983.92,984.84,247.10,239.26
data:983.93,984.84,247.01,239.26
data:983.92,984.68,247.10,240.62
data:983.92,984.68,247.10,240.62
data:983.94,984.71,246.93,240.37
data:983.92,984.73,247.10,240.20
data:983.93,984.73,247.01,240.20
data:983.93,984.79,247.01,239.68
data:983.94,984.79,246.93,239.68
data:983.94,984.76,246.93,239.94
data:983.92,984.73,247.10,240.20
data:983.93,984.73,247.01,240.20
data:983.95,984.76,246.84,239.94
data:983.92,984.76,247.10,239.94
data:983.93,984.74,247.01,240.11
data:983.93,984.79,247.01,239.68
data:983.92,984.79,247.10,239.68
data:983.92,984.82,247.10,239.43
data:983.94,984.82,246.93,239.43
data:983.93,984.74,247.01,240.11
data:983.94,984.79,246.93,239.68
data:983.92,984.79,247.10,239.68
data:983.93,984.79,247.01,239.68
data:983.92,984.71,247.10,240.37
data:983.92,984.71,247.10,240.37
data:983.92,984.84,247.10,239.26
data:983.95,984.84,246.84,239.26
data:983.92,984.74,247.10,240.11
data:983.94,984.76,246.93,239.94
data:983.92,984.76,247.10,239.94
data:983.93,984.79,247.01,239.68
data:983.94,984.79,246.93,239.68
data:983.94,984.74,246.93,240.11
data:983.92,984.68,247.10,240.62
data:983.90,984.68,247.27,240.62
data:983.94,984.79,246.93,239.68
data:983.95,984.79,246.84,239.68
data:983.92,984.71,247.10,240.37
data:983.93,984.74,247.01,240.11
data:983.92,984.74,247.10,240.11
data:983.93,984.77,247.01,239.86
data:983.94,984.77,246.93,239.86
data:983.93,984.82,247.01,239.43
data:983.91,984.82,247.18,239.43
data:983.94,984.82,246.93,239.43
data:983.92,984.74,247.10,240.11
data:983.93,984.74,247.01,240.11
data:983.92,984.83,247.10,239.34
data:983.93,984.80,247.01,239.60
data:983.93,984.80,247.01,239.60
data:983.93,984.72,247.01,240.28
data:983.92,984.72,247.10,240.28
data:983.92,984.69,247.10,240.53
data:983.93,984.67,247.01,240.71
data:983.93,984.67,247.01,240.71
data:983.92,984.78,247.10,239.77
data:983.92,984.78,247.10,239.77
data:983.93,984.80,247.01,239.60
data:983.94,984.80,246.93,239.60
data:983.92,984.80,247.10,239.60
data:983.93,984.80,247.01,239.60
data:983.93,984.80,247.01,239.60
data:983.93,984.72,247.01,240.28
data:983.93,984.75,247.01,240.02
data:983.92,984.75,247.10,240.02
data:983.92,984.72,247.10,240.28
data:983.93,984.72,247.01,240.28
data:983.94,984.78,246.93,239.77
data:983.93,984.78,247.01,239.77
data:983.91,984.78,247.18,239.77
data:983.93,984.67,247.01,240.71
data:983.94,984.67,246.93,240.71
data:983.94,984.68,246.93,240.62
data:983.92,984.78,247.10,239.77
data:983.93,984.78,247.01,239.77
data:983.90,984.78,247.27,239.77
data:983.92,984.78,247.10,239.77
data:983.92,984.63,247.10,241.05
data:983.94,984.65,246.93,240.87
data:983.92,984.65,247.10,240.87
data:983.94,984.71,246.93,240.37
data:983.90,984.71,247.27,240.37
data:983.93,984.71,247.01,240.37
data:983.93,984.68,247.01,240.62
data:983.93,984.68,247.01,240.62
data:983.89,984.63,247.35,241.05
data:983.87,984.63,247.53,241.05
data:983.85,984.66,247.69,240.79
data:983.81,984.58,248.04,241.47
data:983.83,984.58,247.87,241.47
data:983.78,984.55,248.29,241.73
data:983.79,984.55,248.21,241.73
data:983.77,984.55,248.38,241.73
data:983.77,984.43,248.38,242.75
data:983.74,984.43,248.63,242.75
data:983.71,984.52,248.89,241.98
data:983.74,984.52,248.63,241.98
data:983.71,984.52,248.89,241.98
data:983.73,984.52,248.72,241.98
data:983.70,984.52,248.97,241.98
data:983.73,984.50,248.72,242.15
data:983.72,984.50,248.80,242.15
data:983.67,984.53,249.23,241.90
data:983.67,984.46,249.23,242.49
data:983.65,984.46,249.40,242.49
data:983.67,984.43,249.23,242.75
data:983.65,984.43,249.40,242.75
data:983.63,984.42,249.57,242.84
data:983.60,984.46,249.83,242.49
data:983.58,984.46,250.00,242.49
data:983.58,984.30,250.00,243.86
data:983.56,984.30,250.17,243.86
data:983.54,984.34,250.34,243.52
data:983.55,984.34,250.26,243.52
data:983.53,984.34,250.42,243.52
data:983.51,984.30,250.60,243.86
data:983.51,984.30,250.60,243.86
data:983.52,984.27,250.51,244.11
data:983.51,984.25,250.60,244.29
data:983.52,984.25,250.51,244.29
data:983.51,984.36,250.60,243.35
data:983.52,984.36,250.51,243.35
data:983.53,984.30,250.42,243.86
data:983.51,984.30,250.60,243.86
data:983.52,984.30,250.51,243.86
data:983.52,984.25,250.51,244.29
data:983.52,984.25,250.51,244.29
data:983.52,984.36,250.51,243.35
data:983.52,984.28,250.51,244.03
data:983.51,984.28,250.60,244.03
data:983.51,984.32,250.60,243.69
data:983.52,984.32,250.51,243.69
data:983.52,984.26,250.51,244.20
data:983.50,984.29,250.68,243.95
data:983.53,984.29,250.42,243.95
data:983.51,984.29,250.60,243.95
data:983.51,984.29,250.60,243.95
data:983.51,984.26,250.60,244.20
data:983.49,984.21,250.76,244.63
data:983.52,984.21,250.51,244.63
data:983.50,984.29,250.68,243.95
data:983.53,984.29,250.42,243.95
data:983.51,984.35,250.60,243.43
data:983.52,984.40,250.51,243.01
data:983.52,984.40,250.51,243.01
data:983.52,984.32,250.51,243.69
data:983.51,984.35,250.60,243.43
data:983.54,984.35,250.34,243.43
data:983.52,984.32,250.51,243.69
data:983.52,984.32,250.51,243.69
data:983.50,984.32,250.68,243.69
data:983.53,984.34,250.42,243.52
data:983.53,984.34,250.42,243.52
data:983.51,984.32,250.60,243.69
data:983.52,984.32,250.51,243.69
data:983.53,984.34,250.42,243.52
data:983.54,984.34,250.34,243.52
data:983.52,984.34,250.51,243.52
data:983.55,984.25,250.26,244.29
data:983.52,984.25,250.51,244.29
data:983.54,984.36,250.34,243.35
data:983.54,984.30,250.34,243.86
data:983.53,984.30,250.42,243.86
data:983.53,984.35,250.42,243.43
data:983.53,984.35,250.42,243.43
data:983.53,984.38,250.42,243.18
data:983.51,984.35,250.60,243.43
data:983.53,984.35,250.42,243.43
data:983.53,984.27,250.42,244.11
data:983.54,984.27,250.34,244.11
data:983.51,984.27,250.60,244.11
data:983.53,984.30,250.42,243.86
data:983.51,984.30,250.60,243.86
data:983.53,984.27,250.42,244.11
data:983.54,984.27,250.34,244.11
data:983.54,984.27,250.34,244.11
data:983.52,984.34,250.51,243.52
data:983.53,984.34,250.42,243.52
data:983.55,984.27,250.26,244.11
data:983.55,984.27,250.26,244.11
data:983.50,984.30,250.68,243.86
data:983.53,984.33,250.42,243.60
data:983.54,984.33,250.34,243.60
data:983.54,984.27,250.34,244.11
data:983.54,984.27,250.34,244.11
data:983.56,984.30,250.17,243.86
data:983.54,984.33,250.34,243.60
data:983.54,984.33,250.34,243.60
data:983.55,984.30,250.26,243.86
data:983.55,984.30,250.26,243.86
data:983.55,984.35,250.26,243.43
data:983.55,984.33,250.26,243.60
data:983.54,984.33,250.34,243.60
data:983.57,984.33,250.08,243.60
data:983.55,984.33,250.26,243.60
data:983.54,984.35,250.34,243.43
data:983.55,984.35,250.26,243.43
data:983.54,984.35,250.34,243.43
data:983.56,984.33,250.17,243.60
data:983.53,984.33,250.42,243.60
data:983.55,984.38,250.26,243.18
data:983.53,984.35,250.42,243.43
data:983.56,984.35,250.17,243.43
data:983.59,984.29,249.91,243.95
data:983.56,984.29,250.17,243.95
data:983.54,984.33,250.34,243.60
data:983.54,984.37,250.34,243.26
data:983.55,984.37,250.26,243.26
data:983.56,984.35,250.17,243.43
data:983.55,984.35,250.26,243.43
data:983.54,984.38,250.34,243.18
data:983.57,984.45,250.08,242.58
data:983.56,984.45,250.17,242.58
data:983.58,984.35,250.00,243.43
data:983.56,984.35,250.17,243.43
data:983.56,984.29,250.17,243.95
data:983.58,984.27,250.00,244.11
data:983.56,984.27,250.17,244.11
data:983.58,984.41,250.00,242.92
data:983.56,984.41,250.17,242.92
data:983.57,984.38,250.08,243.18
data:983.57,984.41,250.08,242.92
data:983.58,984.41,250.00,242.92
data:983.58,984.38,250.00,243.18
data:983.56,984.38,250.17,243.18
data:983.57,984.29,250.08,243.95
data:983.57,984.35,250.08,243.43
data:983.58,984.35,250.00,243.43
data:983.58,984.33,250.00,243.60
data:983.55,984.33,250.26,243.60
data:983.52,984.29,250.51,243.95
data:983.51,984.33,250.60,243.60
data:983.51,984.33,250.60,243.60
data:983.48,984.33,250.85,243.60
data:983.47,984.33,250.94,243.60
data:983.45,984.33,251.11,243.60
data:983.45,984.21,251.11,244.63
data:983.42,984.21,251.36,244.63
data:983.40,984.24,251.53,244.37
data:983.38,984.24,251.70,244.37
data:983.39,984.16,251.62,245.05
data:983.40,984.19,251.53,244.80
data:983.38,984.19,251.70,244.80
data:983.39,984.16,251.62,245.05
data:983.40,984.16,251.53,245.05
data:983.36,984.16,251.87,245.05
data:983.34,984.16,252.04,245.05
data:983.34,984.16,252.04,245.05
data:983.33,984.13,252.13,245.31
data:983.29,984.13,252.47,245.31
data:983.28,984.13,252.56,245.31
data:983.25,984.03,252.81,246.16
data:983.25,984.03,252.81,246.16
data:983.24,984.08,252.90,245.73
data:983.22,984.11,253.07,245.48
data:983.19,984.11,253.33,245.48
data:983.22,983.95,253.07,246.84
data:983.20,983.95,253.24,246.84
data:983.20,984.03,253.24,246.16
data:983.20,984.03,253.24,246.16
data:983.19,984.03,253.33,246.16
data:983.20,984.05,253.24,245.99
data:983.21,984.05,253.15,245.99
data:983.20,983.97,253.24,246.67
data:983.21,984.00,253.15,246.42
data:983.18,984.00,253.41,246.42
data:983.20,984.00,253.24,246.42
data:983.17,984.00,253.49,246.42
data:983.22,983.95,253.07,246.84
data:983.20,983.95,253.24,246.84
data:983.19,983.95,253.33,246.84
data:983.19,984.00,253.33,246.42
data:983.19,984.00,253.33,246.42
data:983.20,984.00,253.24,246.42
data:983.19,983.97,253.33,246.67
data:983.21,983.97,253.15,246.67
data:983.21,983.97,253.15,246.67
data:983.21,983.97,253.15,246.67
data:983.18,984.00,253.41,246.42
data:983.22,984.00,253.07,246.42
data:983.23,984.00,252.98,246.42
data:983.20,983.97,253.24,246.67
data:983.19,983.97,253.33,246.67
data:983.19,983.92,253.33,247.10
data:983.20,983.97,253.24,246.67
data:983.22,983.97,253.07,246.67
data:983.19,983.94,253.33,246.93
data:983.21,983.94,253.15,246.93
data:983.22,983.97,253.07,246.67
data:983.20,983.97,253.24,246.67
data:983.21,983.97,253.15,246.67
data:983.21,984.03,253.15,246.16
data:983.22,984.03,253.07,246.16
data:983.23,983.89,252.98,247.35
data:983.22,983.97,253.07,246.67
data:983.25,983.97,252.81,246.67
data:983.21,983.94,253.15,246.93
data:983.23,983.94,252.98,246.93
data:983.20,984.03,253.24,246.16
data:983.22,984.02,253.07,246.25
data:983.23,984.02,252.98,246.25
data:983.21,984.03,253.15,246.16
data:983.21,984.03,253.15,246.16
data:983.21,983.94,253.15,246.93
data:983.24,983.97,252.90,246.67
data:983.21,983.97,253.15,246.67
data:983.21,984.03,253.15,246.16
data:983.22,984.03,253.07,246.16
data:983.22,983.97,253.07,246.67
data:983.21,984.00,253.15,246.42
data:983.20,984.00,253.24,246.42
data:983.19,983.94,253.33,246.93
data:983.21,983.94,253.15,246.93
data:983.20,983.97,253.24,246.67
data:983.22,984.00,253.07,246.42
data:983.22,984.00,253.07,246.42
data:983.19,984.03,253.33,246.16
data:983.21,984.03,253.15,246.16
data:983.24,984.08,252.90,245.73
data:983.22,984.03,253.07,246.16
data:983.23,984.03,252.98,246.16
data:983.24,983.94,252.90,246.93
data:983.22,983.94,253.07,246.93
data:983.20,984.00,253.24,246.42
data:983.23,984.03,252.98,246.16
data:983.23,984.03,252.98,246.16
data:983.23,984.00,252.98,246.42
data:983.24,984.00,252.90,246.42
data:983.23,984.00,252.98,246.42
data:983.23,984.08,252.98,245.73
data:983.21,984.08,253.15,245.73
data:983.23,984.05,252.98,245.99
data:983.22,984.05,253.07,245.99
data:983.22,984.02,253.07,246.25
data:983.22,984.05,253.07,245.99
data:983.23,984.05,252.98,245.99
data:983.22,983.97,253.07,246.67
data:983.24,983.97,252.90,246.67
data:983.24,983.97,252.90,246.67
data:983.24,984.02,252.90,246.25
data:983.25,984.02,252.81,246.25
data:983.22,984.04,253.07,246.07
data:983.23,984.04,252.98,246.07
data:983.25,983.99,252.81,246.50
data:983.25,983.96,252.81,246.76
data:983.24,983.96,252.90,246.76
data:983.26,984.07,252.73,245.82
data:983.23,984.07,252.98,245.82
data:983.24,984.07,252.90,245.82
data:983.22,984.07,253.07,245.82
data:983.25,984.07,252.81,245.82
data:983.24,984.07,252.90,245.82
data:983.23,984.07,252.98,245.82
data:983.23,984.09,252.98,245.65
data:983.24,984.07,252.90,245.82
data:983.20,984.07,253.24,245.82
data:983.26,984.01,252.73,246.33
data:983.25,984.01,252.81,246.33
data:983.24,984.04,252.90,246.07
data:983.25,984.09,252.81,245.65
data:983.22,984.09,253.07,245.65
data:983.24,984.09,252.90,245.65
data:983.24,984.09,252.90,245.65
data:983.23,984.12,252.98,245.39
data:983.24,984.09,252.90,245.65
data:983.23,984.09,252.98,245.65
data:983.23,984.09,252.98,245.65
data:983.23,984.09,252.98,245.65
data:983.23,984.14,252.98,245.22
data:983.24,984.12,252.90,245.39
data:983.24,984.12,252.90,245.39
data:983.25,984.11,252.81,245.48
data:983.23,984.09,252.98,245.65
data:983.24,984.09,252.90,245.65
data:983.25,984.12,252.81,245.39
data:983.24,984.12,252.90,245.39
data:983.25,984.14,252.81,245.22
data:983.23,984.17,252.98,244.97
data:983.25,984.17,252.81,244.97
data:983.25,984.09,252.81,245.65
data:983.24,984.09,252.90,245.65
data:983.24,984.09,252.90,245.65
data:983.24,984.03,252.90,246.16
data:983.24,984.03,252.90,246.16
data:983.25,984.11,252.81,245.48
data:983.24,984.11,252.90,245.48
data:983.24,984.12,252.90,245.39
data:983.25,984.12,252.81,245.39
data:983.25,984.12,252.81,245.39
data:983.23,984.12,252.98,245.39
data:983.25,984.12,252.81,245.39
data:983.24,984.06,252.90,245.91
data:983.23,984.06,252.98,245.91
data:983.22,984.06,253.07,245.91
data:983.24,984.09,252.90,245.65
data:983.23,984.09,252.98,245.65
data:983.24,984.01,252.90,246.33
data:983.24,984.09,252.90,245.65
data:983.22,984.09,253.07,245.65
data:983.21,984.06,253.15,245.91
data:983.21,984.06,253.15,245.91
data:983.22,984.17,253.07,244.97
data:983.23,984.06,252.98,245.91
data:983.25,984.06,252.81,245.91
data:983.22,984.04,253.07,246.07
data:983.21,984.04,253.15,246.07
data:983.21,984.04,253.15,246.07
data:983.20,984.12,253.24,245.39
data:983.22,984.12,253.07,245.39
data:983.24,984.09,252.90,245.65
data:983.22,984.09,253.07,245.65
data:983.22,984.06,253.07,245.91
data:983.22,984.09,253.07,245.65
data:983.22,984.09,253.07,245.65
data:983.23,984.09,252.98,245.65
data:983.22,984.09,253.07,245.65
data:983.22,984.06,253.07,245.91
data:983.25,984.04,252.81,246.07
data:983.22,984.04,253.07,246.07
data:983.21,984.06,253.15,245.91
data:983.21,984.06,253.15,245.91
data:983.23,984.06,252.98,245.91
data:983.21,984.01,253.15,246.33
data:983.22,984.01,253.07,246.33
data:983.22,984.04,253.07,246.07
data:983.21,984.04,253.15,246.07
data:983.19,984.04,253.33,246.07
data:983.20,983.96,253.24,246.76
data:983.16,983.96,253.58,246.76
data:983.17,984.04,253.49,246.07
data:983.15,984.04,253.67,246.07
data:983.13,984.01,253.84,246.33
data:983.10,983.99,254.09,246.50
data:983.08,983.99,254.26,246.50
data:983.08,983.80,254.26,248.12
data:983.10,983.80,254.09,248.12
data:983.06,983.88,254.43,247.44
data:983.05,983.93,254.52,247.01
data:983.04,983.93,254.60,247.01
data:983.03,983.80,254.69,248.12
data:983.03,983.80,254.69,248.12
data:983.01,983.85,254.86,247.69
data:983.00,983.96,254.95,246.76
data:983.04,983.96,254.60,246.76
data:982.99,983.85,255.03,247.69
data:982.98,983.77,255.12,248.38
data:982.98,983.77,255.12,248.38
data:982.94,983.72,255.46,248.80
data:982.95,983.72,255.37,248.80
data:982.90,983.69,255.80,249.06
data:982.91,983.69,255.71,249.06
data:982.88,983.69,255.97,249.06
data:982.87,983.67,256.05,249.23
data:982.84,983.67,256.31,249.23
data:982.82,983.69,256.48,249.06
data:982.82,983.70,256.48,248.97
data:982.81,983.70,256.57,248.97
data:982.79,983.61,256.74,249.74
data:982.81,983.61,256.57,249.74
data:982.82,983.59,256.48,249.91
data:982.80,983.61,256.65,249.74
data:982.81,983.61,256.57,249.74
data:982.79,983.61,256.74,249.74
data:982.78,983.61,256.82,249.74
data:982.80,983.64,256.65,249.49
data:982.81,983.59,256.57,249.91
data:982.79,983.59,256.74,249.91
data:982.80,983.67,256.65,249.23
data:982.80,983.67,256.65,249.23
data:982.80,983.61,256.65,249.74
data:982.80,983.59,256.65,249.91
data:982.80,983.59,256.65,249.91
data:982.81,983.61,256.57,249.74
data:982.81,983.61,256.57,249.74
data:982.80,983.59,256.65,249.91
data:982.81,983.59,256.57,249.91
data:982.78,983.59,256.82,249.91
data:982.79,983.64,256.74,249.49
data:982.78,983.64,256.82,249.49
data:982.76,983.58,256.99,250.00
data:982.79,983.58,256.74,250.00
data:982.78,983.58,256.82,250.00
data:982.78,983.58,256.82,250.00
data:982.80,983.61,256.65,249.74
data:982.77,983.58,256.91,250.00
data:982.81,983.58,256.57,250.00
data:982.78,983.64,256.82,249.49
data:982.80,983.64,256.65,249.49
data:982.78,983.58,256.82,250.00
data:982.79,983.58,256.74,250.00
data:982.78,983.58,256.82,250.00
data:982.78,983.47,256.82,250.94
data:982.78,983.47,256.82,250.94
data:982.79,983.66,256.74,249.31
data:982.79,983.72,256.74,248.80
data:982.76,983.72,256.99,248.80
data:982.77,983.69,256.91,249.06
data:982.79,983.63,256.74,249.57
data:982.76,983.63,256.99,249.57
data:982.75,983.61,257.08,249.74
data:982.79,983.61,256.74,249.74
data:982.79,983.63,256.74,249.57
data:982.78,983.55,256.82,250.26
data:982.75,983.55,257.08,250.26
data:982.78,983.63,256.82,249.57
data:982.78,983.63,256.82,249.57
data:982.76,983.66,256.99,249.31
data:982.75,983.71,257.08,248.89
data:982.78,983.71,256.82,248.89
data:982.77,983.68,256.91,249.15
data:982.77,983.68,256.91,249.15
data:982.77,983.66,256.91,249.31
data:982.76,983.63,256.99,249.57
data:982.80,983.63,256.65,249.57
data:982.75,983.63,257.08,249.57
data:982.79,983.63,256.74,249.57
data:982.77,983.71,256.91,248.89
data:982.79,983.71,256.74,248.89
data:982.78,983.71,256.82,248.89
data:982.77,983.71,256.91,248.89
data:982.77,983.71,256.91,248.89
data:982.79,983.71,256.74,248.89
data:982.76,983.63,256.99,249.57
data:982.79,983.63,256.74,249.57
data:982.77,983.65,256.91,249.40
data:982.78,983.65,256.82,249.40
data:982.76,983.68,256.99,249.15
data:982.77,983.65,256.91,249.40
data:982.75,983.65,257.08,249.40
data:982.79,983.65,256.74,249.40
data:982.76,983.65,256.99,249.40
data:982.77,983.71,256.91,248.89
data:982.77,983.76,256.91,248.46
data:982.76,983.76,256.99,248.46
data:982.78,983.71,256.82,248.89
data:982.77,983.71,256.91,248.89
data:982.77,983.65,256.91,249.40
data:982.79,983.62,256.74,249.66
data:982.78,983.62,256.82,249.66
data:982.78,983.68,256.82,249.15
data:982.77,983.68,256.91,249.15
data:982.76,983.60,256.99,249.83
data:982.77,983.71,256.91,248.89
data:982.79,983.71,256.74,248.89
data:982.78,983.65,256.82,249.40
data:982.78,983.65,256.82,249.40
data:982.78,983.76,256.82,248.46
data:982.77,983.62,256.91,249.66
data:982.77,983.62,256.91,249.66
data:982.77,983.60,256.91,249.83
data:982.80,983.60,256.65,249.83
data:982.78,983.65,256.82,249.40
data:982.77,983.73,256.91,248.72
data:982.78,983.73,256.82,248.72
data:982.77,983.68,256.91,249.15
data:982.78,983.68,256.82,249.15
data:982.78,983.71,256.82,248.89
data:982.78,983.68,256.82,249.15
data:982.78,983.68,256.82,249.15
data:982.78,983.63,256.82,249.57
data:982.77,983.63,256.91,249.57
data:982.77,983.57,256.91,250.08
data:982.76,983.63,256.99,249.57
data:982.75,983.63,257.08,249.57
data:982.78,983.63,256.82,249.57
data:982.76,983.63,256.99,249.57
data:982.77,983.63,256.91,249.57
data:982.77,983.73,256.91,248.72
data:982.75,983.73,257.08,248.72
data:982.76,983.65,256.99,249.40
data:982.77,983.65,256.91,249.40
data:982.77,983.74,256.91,248.63
data:982.77,983.65,256.91,249.40
data:982.77,983.65,256.91,249.40
data:982.77,983.63,256.91,249.57
data:982.78,983.63,256.82,249.57
data:982.77,983.63,256.91,249.57
data:982.76,983.55,256.99,250.26
data:982.77,983.55,256.91,250.26
data:982.79,983.60,256.74,249.83
data:982.78,983.60,256.82,249.83
data:982.78,983.71,256.82,248.89
data:982.76,983.68,256.99,249.15
data:982.76,983.68,256.99,249.15
data:982.77,983.66,256.91,249.31
data:982.78,983.66,256.82,249.31
data:982.79,983.68,256.74,249.15
data:982.75,983.68,257.08,249.15
data:982.77,983.68,256.91,249.15
data:982.76,983.71,256.99,248.89
data:982.73,983.71,257.25,248.89
data:982.73,983.60,257.25,249.83
data:982.70,983.52,257.51,250.51
data:982.67,983.52,257.76,250.51
data:982.66,983.52,257.85,250.51
data:982.65,983.52,257.93,250.51
data:982.64,983.55,258.02,250.26
data:982.62,983.50,258.19,250.68
data:982.60,983.50,258.36,250.68
data:982.58,983.44,258.53,251.19
data:982.55,983.44,258.78,251.19
data:982.55,983.42,258.78,251.36
data:982.57,983.26,258.62,252.73
data:982.56,983.26,258.70,252.73
data:982.54,983.37,258.87,251.79
data:982.53,983.37,258.96,251.79
data:982.51,983.37,259.13,251.79
data:982.49,983.34,259.30,252.04
data:982.50,983.34,259.21,252.04
data:982.49,983.29,259.30,252.47
data:982.48,983.29,259.38,252.47
data:982.44,983.29,259.72,252.47
data:982.42,983.23,259.89,252.98
data:982.40,983.23,260.07,252.98
data:982.38,983.18,260.24,253.41
data:982.37,983.18,260.32,253.41
data:982.38,983.15,260.24,253.67
data:982.36,983.18,260.41,253.41
data:982.37,983.18,260.32,253.41
data:982.38,983.26,260.24,252.73
data:982.39,983.26,260.15,252.73
data:982.38,983.21,260.24,253.15
data:982.39,983.32,260.15,252.22
data:982.39,983.32,260.15,252.22
data:982.38,983.21,260.24,253.15
data:982.36,983.21,260.41,253.15
data:982.40,983.26,260.07,252.73
data:982.36,983.21,260.41,253.15
data:982.36,983.21,260.41,253.15
data:982.36,983.18,260.41,253.41
data:982.39,983.18,260.15,253.41
data:982.35,983.21,260.49,253.15
data:982.36,983.18,260.41,253.41
data:982.37,983.18,260.32,253.41
data:982.38,983.21,260.24,253.15
data:982.36,983.21,260.41,253.15
data:982.37,983.26,260.32,252.73
data:982.39,983.21,260.15,253.15
data:982.37,983.21,260.32,253.15
data:982.36,983.18,260.41,253.41
data:982.36,983.18,260.41,253.41
data:982.36,983.15,260.41,253.67
data:982.36,983.24,260.41,252.90
data:982.39,983.24,260.15,252.90
data:982.40,983.21,260.07,253.15
data:982.38,983.21,260.24,253.15
data:982.35,983.21,260.49,253.15
data:982.35,983.21,260.49,253.15
data:982.41,983.21,259.98,253.15
data:982.36,983.18,260.41,253.41
data:982.36,983.13,260.41,253.84
data:982.39,983.13,260.15,253.84
data:982.39,983.18,260.15,253.41
data:982.39,983.18,260.15,253.41
data:982.39,983.10,260.15,254.09
data:982.38,983.18,260.24,253.41
data:982.39,983.18,260.15,253.41
data:982.38,983.21,260.24,253.15
data:982.39,983.21,260.15,253.15
data:982.38,983.18,260.24,253.41
data:982.40,983.29,260.07,252.47
data:982.37,983.29,260.32,252.47
data:982.38,983.18,260.24,253.41
data:982.36,983.18,260.41,253.41
data:982.37,983.26,260.32,252.73
data:982.39,983.18,260.15,253.41
data:982.37,983.18,260.32,253.41
data:982.39,983.26,260.15,252.73
data:982.39,983.26,260.15,252.73
data:982.37,983.24,260.32,252.90
data:982.36,983.16,260.41,253.58
data:982.37,983.16,260.32,253.58
data:982.38,983.21,260.24,253.15
data:982.39,983.21,260.15,253.15
data:982.36,983.21,260.41,253.15
data:982.37,983.26,260.32,252.73
data:982.38,983.26,260.24,252.73
data:982.38,983.24,260.24,252.90
data:982.38,983.24,260.24,252.90
data:982.38,983.26,260.24,252.73
data:982.38,983.21,260.24,253.15
data:982.37,983.21,260.32,253.15
data:982.39,983.21,260.15,253.15
data:982.38,983.21,260.24,253.15
data:982.38,983.24,260.24,252.90
data:982.38,983.10,260.24,254.09
data:982.38,983.10,260.24,254.09
data:982.35,983.29,260.49,252.47
data:982.39,983.29,260.15,252.47
data:982.39,983.32,260.15,252.22
data:982.38,983.21,260.24,253.15
data:982.37,983.21,260.32,253.15
data:982.39,983.18,260.15,253.41
data:982.39,983.18,260.15,253.41
data:982.39,983.18,260.15,253.41
data:982.40,983.24,260.07,252.90
data:982.38,983.24,260.24,252.90
data:982.38,983.24,260.24,252.90
data:982.38,983.24,260.24,252.90
data:982.40,983.18,260.07,253.41
data:982.38,983.24,260.24,252.90
data:982.40,983.24,260.07,252.90
data:982.36,983.24,260.41,252.90
data:982.39,983.24,260.15,252.90
data:982.38,983.18,260.24,253.41
data:982.39,983.24,260.15,252.90
data:982.39,983.24,260.15,252.90
data:982.39,983.18,260.15,253.41
data:982.37,983.18,260.32,253.41
data:982.38,983.21,260.24,253.15
data:982.36,983.24,260.41,252.90
data:982.39,983.24,260.15,252.90
data:982.40,983.21,260.07,253.15
data:982.34,983.21,260.58,253.15
data:982.38,983.21,260.24,253.15
data:982.38,983.18,260.24,253.41
data:982.39,983.18,260.15,253.41
data:982.40,983.21,260.07,253.15
data:982.39,983.21,260.15,253.15
data:982.39,983.18,260.15,253.41
data:982.40,983.21,260.07,253.15
data:982.38,983.21,260.24,253.15
data:982.40,983.21,260.07,253.15
data:982.40,983.21,260.07,253.15
data:982.38,983.26,260.24,252.73
data:982.36,983.24,260.41,252.90
data:982.41,983.24,259.98,252.90
data:982.41,983.24,259.98,252.90
data:982.43,983.24,259.81,252.90
data:982.46,983.29,259.55,252.47
data:982.49,983.29,259.30,252.47
data:982.46,983.29,259.55,252.47
data:982.49,983.26,259.30,252.73
data:982.53,983.26,258.96,252.73
data:982.54,983.37,258.87,251.79
data:982.57,983.32,258.62,252.22
data:982.60,983.32,258.36,252.22
data:982.59,983.37,258.44,251.79
data:982.59,983.37,258.44,251.79
data:982.60,983.40,258.36,251.53
data:982.60,983.45,258.36,251.11
data:982.58,983.45,258.53,251.11
data:982.60,983.43,258.36,251.28
data:982.61,983.43,258.27,251.28
data:982.66,983.48,257.85,250.85
data:982.66,983.51,257.85,250.60
data:982.69,983.51,257.59,250.60
data:982.69,983.51,257.59,250.60
data:982.71,983.51,257.42,250.60
data:982.75,983.56,257.08,250.17
data:982.75,983.56,257.08,250.17
data:982.77,983.56,256.91,250.17
data:982.78,983.56,256.82,250.17
data:982.78,983.56,256.82,250.17
data:982.81,983.56,256.57,250.17
data:982.78,983.64,256.82,249.49
data:982.78,983.64,256.82,249.49
data:982.78,983.53,256.82,250.42
data:982.79,983.53,256.74,250.42
data:982.81,983.61,256.57,249.74
data:982.82,983.61,256.48,249.74
data:982.84,983.61,256.31,249.74
data:982.86,983.69,256.14,249.06
data:982.87,983.69,256.05,249.06
data:982.88,983.75,255.97,248.55
data:982.92,983.69,255.63,249.06
data:982.95,983.69,255.37,249.06
data:982.94,983.74,255.46,248.63
data:982.95,983.74,255.37,248.63
data:982.99,983.83,255.03,247.87
data:983.00,983.85,254.95,247.69
data:982.98,983.85,255.12,247.69
data:982.98,983.85,255.12,247.69
data:982.98,983.85,255.12,247.69
data:982.97,983.85,255.20,247.69
data:982.99,983.82,255.03,247.95
data:983.03,983.82,254.69,247.95
data:983.05,983.82,254.52,247.95
data:983.04,983.82,254.60,247.95
data:983.06,983.90,254.43,247.27
data:983.09,983.98,254.18,246.59
data:983.13,983.98,253.84,246.59
data:983.12,984.04,253.92,246.07
data:983.16,983.98,253.58,246.59
data:983.16,983.98,253.58,246.59
data:983.17,983.98,253.49,246.59
data:983.17,983.98,253.49,246.59
data:983.17,984.04,253.49,246.07
data:983.17,983.95,253.49,246.84
data:983.17,983.95,253.49,246.84
data:983.17,984.06,253.49,245.91
data:983.15,984.06,253.67,245.91
data:983.16,984.01,253.58,246.33
data:983.14,984.06,253.75,245.91
data:983.14,984.06,253.75,245.91
data:983.15,984.11,253.67,245.48
data:983.16,984.11,253.58,245.48
data:983.17,984.03,253.49,246.16
data:983.17,984.12,253.49,245.39
data:983.17,984.12,253.49,245.39
data:983.17,984.06,253.49,245.91
data:983.17,984.06,253.49,245.91
data:983.17,984.09,253.49,245.65
data:983.16,983.95,253.58,246.84
data:983.17,983.95,253.49,246.84
data:983.15,984.06,253.67,245.91
data:983.15,984.06,253.67,245.91
data:983.14,984.09,253.75,245.65
data:983.16,984.06,253.58,245.91
data:983.17,984.06,253.49,245.91
data:983.17,984.03,253.49,246.16
data:983.17,984.03,253.49,246.16
data:983.16,984.08,253.58,245.73
data:983.16,983.98,253.58,246.59
data:983.16,983.98,253.58,246.59
data:983.16,984.00,253.58,246.42
data:983.14,984.00,253.75,246.42
data:983.13,983.98,253.84,246.59
data:983.13,984.03,253.84,246.16
data:983.15,984.03,253.67,246.16
data:983.16,984.00,253.58,246.42
data:983.16,984.00,253.58,246.42
data:983.14,984.14,253.75,245.22
data:983.17,984.00,253.49,246.42
data:983.17,984.00,253.49,246.42
data:983.16,984.06,253.58,245.91
data:983.16,984.06,253.58,245.91
data:983.14,984.03,253.75,246.16
data:983.14,984.03,253.75,246.16
data:983.15,984.03,253.67,246.16
data:983.12,984.00,253.92,246.42
data:983.14,984.00,253.75,246.42
data:983.15,984.00,253.67,246.42
data:983.14,984.06,253.75,245.91
data:983.16,984.06,253.58,245.91
data:983.15,984.00,253.67,246.42
data:983.13,984.00,253.84,246.42
data:983.14,984.03,253.75,246.16
data:983.15,984.08,253.67,245.73
data:983.15,984.08,253.67,245.73
data:983.15,984.08,253.67,245.73
data:983.15,984.08,253.67,245.73
data:983.13,984.06,253.84,245.91
data:983.15,984.08,253.67,245.73
data:983.16,984.08,253.58,245.73
data:983.13,984.00,253.84,246.42
data:983.13,984.00,253.84,246.42
data:983.15,984.08,253.67,245.73
data:983.14,984.00,253.75,246.42
data:983.15,984.00,253.67,246.42
data:983.13,984.00,253.84,246.42
data:983.13,984.00,253.84,246.42
data:983.15,984.08,253.67,245.73
data:983.16,984.03,253.58,246.16
data:983.16,984.03,253.58,246.16
data:983.15,984.03,253.67,246.16
data:983.16,984.03,253.58,246.16
data:983.14,984.11,253.75,245.48
data:983.13,984.03,253.84,246.16
data:983.14,984.03,253.75,246.16
data:983.16,984.03,253.58,246.16
data:983.14,984.03,253.75,246.16
data:983.15,984.00,253.67,246.42
data:983.16,984.08,253.58,245.73
data:983.17,984.08,253.49,245.73
data:983.15,984.06,253.67,245.91
data:983.15,984.06,253.67,245.91
data:983.17,984.03,253.49,246.16
data:983.15,984.11,253.67,245.48
data:983.14,984.11,253.75,245.48
data:983.17,984.00,253.49,246.42
data:983.17,984.00,253.49,246.42
data:983.13,983.98,253.84,246.59
data:983.14,984.08,253.75,245.73
data:983.15,984.08,253.67,245.73
data:983.14,984.06,253.75,245.91
data:983.14,984.06,253.75,245.91
data:983.14,984.06,253.75,245.91
data:983.15,983.98,253.67,246.59
data:983.16,983.98,253.58,246.59
data:983.16,984.00,253.58,246.42
data:983.13,984.00,253.84,246.42
data:983.11,984.11,254.01,245.48
data:983.10,984.06,254.09,245.91
data:983.10,984.06,254.09,245.91
data:983.13,984.00,253.84,246.42
data:983.13,984.00,253.84,246.42
data:983.11,984.03,254.01,246.16
data:983.08,983.97,254.26,246.67
data:983.09,983.97,254.18,246.67
data:983.12,984.00,253.92,246.42
data:983.10,984.00,254.09,246.42
data:983.11,983.97,254.01,246.67
data:983.10,983.97,254.09,246.67
data:983.11,983.97,254.01,246.67
data:983.12,983.97,253.92,246.67
data:983.12,983.97,253.92,246.67
data:983.12,983.94,253.92,246.93
data:983.12,984.02,253.92,246.25
data:983.12,984.02,253.92,246.25
data:983.09,984.00,254.18,246.42
data:983.10,984.00,254.09,246.42
data:983.12,984.02,253.92,246.25
data:983.12,983.97,253.92,246.67
data:983.12,983.97,253.92,246.67
data:983.14,984.00,253.75,246.42
data:983.12,984.00,253.92,246.42
data:983.14,984.03,253.75,246.16
data:983.12,983.92,253.92,247.10
data:983.11,983.92,254.01,247.10
data:983.12,983.97,253.92,246.67
data:983.14,983.97,253.75,246.67
data:983.11,983.95,254.01,246.84
data:983.13,984.03,253.84,246.16
data:983.13,984.03,253.84,246.16
data:983.12,983.97,253.92,246.67
data:983.11,983.97,254.01,246.67
data:983.10,984.00,254.09,246.42
data:983.15,984.00,253.67,246.42
data:983.12,984.00,253.92,246.42
data:983.12,983.97,253.92,246.67
data:983.11,983.97,254.01,246.67
data:983.13,984.03,253.84,246.16
data:983.13,983.95,253.84,246.84
data:983.12,983.95,253.92,246.84
data:983.11,983.89,254.01,247.35
data:983.11,983.89,254.01,247.35
data:983.13,983.94,253.84,246.93
data:983.11,984.05,254.01,245.99
data:983.12,984.05,253.92,245.99
data:983.13,983.97,253.84,246.67
data:983.13,983.97,253.84,246.67
data:983.12,983.94,253.92,246.93
data:983.13,983.92,253.84,247.10
data:983.13,983.92,253.84,247.10
data:983.12,983.94,253.92,246.93
data:983.13,983.94,253.84,246.93
data:983.11,983.94,254.01,246.93
data:983.13,983.97,253.84,246.67
